API_KEY=242a1186e124bfb7af44537b1593bcdd
LAT=5.902785
LONG=102.754175
